总共的差异是0.07,按照排名的差别如下所示。
0.041269841269841345
0.025316455696202556
0.006349206349206327
-0.03797468354430378
0.01898734177215189
-0.01898734177215189
-0.006329113924050667
0.0031746031746031633
0.0031645569620253333
0.006329113924050667
0.0031645569620253333
0.0
0.0031645569620253333
0.0031645569620253333
0.009493670886076
0.005631495935616959
0.003892506167347376
0.012658227848101222
0.009493670886076
0.0031645569620253333
0.0031746031746031633
0.0031645569620253333
0.0031645569620253333
0.006329113924050556
0.009191324679513002
0.006671772958155242
0.009069033849637975
0.006207663532504348
0.006329113924050667
0.0066314601306135534
0.006329113924050667
0.006329113924050667
0.01254771950974487
0.01254771950974487
0.012658227848101333
0.009493670886076
0.006329113924050667
0.009493670886076
0.009493670886076
0.009857645488737021
0.009614225437010182
0.006329113924050556
0.008920158944737966
0.009493670886075889
0.009423347398030857
0.009493670886076
0.009493670886076
0.0032348804500703654
0.0031645569620253333
0.0004301339560034423
0.0
0.0031645569620253333
0.0032051282051283048
0.0
0.0
0.0
0.0
0.0
0.0
0.0031645569620253333
